AA	C_dom	noFG	E_dom
R	0.002571	0.003151	0.036395
K	0.021080	0.025835	0.107452
D	0.000514	0.000630	0.076256
E	0.001028	0.001260	0.065858
N	0.160411	0.196597	0.093588
Q	0.097686	0.119723	0.034662
S	0.137789	0.168872	0.143847
T	0.112082	0.137366	0.057192
H	0.000000	0.000000	0.012132
C	0.000514	0.000630	0.000000
Y	0.001542	0.001890	0.013865
G	0.193316	0.124134	0.025997
A	0.063239	0.077505	0.069324
P	0.040617	0.049779	0.051993
M	0.011311	0.013863	0.020797
V	0.012853	0.015753	0.029463
W	0.000514	0.000630	0.003466
I	0.010283	0.012602	0.050260
L	0.057069	0.035287	0.077990
F	0.075578	0.014493	0.029463
